男友被我咬哭了，怎么哄好，在线急！	661	477126	0.001	19641965
你见过Ps痕迹最假的照骗是哪一张	736	459661	0.002	19636598
杜兰特又有新女友，白人女篮运动员，什么水平？ZT	531	454874	0.001	19638006
zt知乎：年薪三十万的码农不如一个省委办公厅公务员吗？	1714	335805	0.005	19638804
韩寒到目前为止的人生履历是什么水平？	797	305154	0.003	19629199
如果开车的时候发现刹车坏了该怎么做？	726	289914	0.003	19638479
惬意的周六傍晚，惬意的女朋友。。。还有晚饭	389	270910	0.001	19640612
活生生被湿醒，这种天不愿意开空调的极品舍友	687	261916	0.003	19643763
套路深？有人利用女库蜜做这种事？	671	259055	0.003	19641065
400米能进1分在街上就这么普遍的嘛。。	1392	223178	0.006	19642636
表妹这是怎么了....我觉得要不给她找个男票...（福利，表妹）	235	205866	0.001	19642454
“我们圆通快递没有送货*河蟹*，顺丰什么的才有。”	656	199232	0.003	19642881
[爆照区]	786	185382	0.004	19634422
既然鹿晗只有大概172……那么他能抓筐可以爆多少jrs？	527	176678	0.003	19638496
被老婆强迫入群	161	153509	0.001	19641818
女朋友家教很严，但是喝酒抽烟	242	151999	0.002	19641057
刚看了《中国有嘻哈》，Hip-hop	317	150206	0.002	19643000
郑州烈士陵园呼吁：请不要在旁边跳广场舞了	248	149551	0.002	19632642
第一次去澳门赌场，怎么装出经常去的样子？	256	125139	0.002	19643006
人民日报发出警告了，这波什么水平？	111	119355	0.001	19642798
[置顶]	536	119118	0.004	19592744
ZT：29岁小伙跳下火车救68岁老太	397	97338	0.004	19644308
【秋名山论美】第11期，梅根.福克斯，最性感的女神，你的虎扑评分是？	138	94389	0.001	19636766
说说你们最尴尬的一次撞衫经历吧	215	94137	0.002	19640221
亲自试验了一下防狼喷雾	145	90859	0.002	19643123
这一期的中国有嘻哈什么水平	175	89066	0.002	19641902
被暧昧期的女生拒绝了，求分析或建议	232	85088	0.003	19643227
和女朋友的一番对话，被各种看不起，这也是现实，唉。	649	84639	0.008	19634126
我余额宝一天收益27块钱，感觉有点亏	133	83871	0.002	19642841
五星级酒店的档次划分	204	80317	0.003	19641040
你们能接受多胖的女的？	159	73199	0.002	19643701
郁闷，刚刚看隔壁发的权志龙不慎跌落的帖子，女友很生气，现在让我给道歉……	229	72133	0.003	19642563
[影视区]	314	70458	0.004	19638731
JRS愿意花几十万冷冻自己遗体等N年后复活吗？	158	61226	0.003	19644363
我发现真的是在一起久了，性生活就少了。美女也没用	80	59536	0.001	19642321
支付宝一定程度上改变了我们的生活，是这样吗？	210	56203	0.004	19642525
女票说她疑似怀孕，我该怎么办	150	51868	0.003	19641689
昨晚约了妹子看电影，今天中午约了妹子吃饭，明天还能干什么	128	50706	0.003	19640705
在一线城市，月薪两万真的很普通，没什么牛逼的	199	42254	0.005	19643635
地铁上看到一位小姐姐的鞋子	58	42114	0.001	19644116
深夜了，跟众位JRS说说我今天被父亲当街暴打的事	235	39642	0.006	19642963
媳妇儿为什么总喜欢看这些东西，有没有女JRS能帮我解答下？	109	39162	0.003	19643166
中国有嘻哈	66	37680	0.002	19641957
在线等特别急！女朋友说了一句诗我该如何接	67	34697	0.002	19642702
看看各朝的霸气宣言，哪个霸气	117	33008	0.004	19643532
交往3年的女友说走就走是什么体会！	137	32681	0.004	19643181
爸妈不愿意给我们带孩子！	190	32042	0.006	19644427
【散卡	2374	32019	0.074	19607198
哪些城市能成为超级二线？	194	28648	0.007	19631339
中国夏季“火炉”城市重新洗牌	108	25612	0.004	19644066
中国有嘻哈里选手为啥都穿的那么异类呢？	109	24765	0.004	19644306
开个长贴说说买保险的正确姿势，珍爱生命，远离忽悠	321	21483	0.015	19632357
江苏苏宁球迷丢掷鸡蛋、砖块攻击客队球！这太野蛮了？你们怎么看？	94	18227	0.005	19641333
[电竞区]	289	17636	0.016	19637985
我朋友给我发的。这个老师说的话我觉得真的恶心。	58	15800	0.004	19642568
一年多	83	15235	0.005	19643880
“不让是本分，让座是情分”，难道所有人都这么想？	93	14579	0.006	19644333
朋友圈手滑点赞秒取消会被发现么	43	13546	0.003	19644204
不懂就问，薛之谦的综艺节目也太多了吧？	59	13170	0.004	19644524
OFFER比较，中国银联总部or中信建投证券总部。	132	11222	0.012	19635971
有福建jr吗，来讨论一下福州和厦门的房价你还能承受吗？	105	10223	0.01	19641365
本人就职于某公司担任采购部经理，大家有没有想了解的?	128	9571	0.013	19641195
因为夫妻生活闹矛盾了，大家评评理	52	9174	0.006	19644118
有青岛jr吗，来讨论一下青岛的房价你还能承受吗	151	7918	0.019	19638876
S.H.E，你最爱哪首冷门歌曲？	153	7852	0.019	19640773
问JPS一些羞羞羞的问题	35	7079	0.005	19644714
大四体测50m	71	6618	0.011	19642967
一个范冰冰等于600个院士？	56	6471	0.009	19645056
继续来一波车祸图，教你上路慢又怂	42	5791	0.007	19644406
为什么虎扑这么多人坚信能让自己的孩子不沉迷游戏？	88	5632	0.016	19642453
两条杠…有点乱	34	5258	0.006	19644040
辣眼睛！女司机违章被查	37	3888	0.01	19645017
请问一下有谁了解在农村建一套这样的房子大概需要多少钱啊？	47	3880	0.012	19644416
不是说green	31	3535	0.009	19643977
十八岁，前几天刚查出得了类风湿，jr说说该怎么办	76	3453	0.022	19599122
为什么小小剃须刀，国内国外水平差这么多	39	3312	0.012	19644816
哪件T恤更有东北的感觉呢？求教	32	3131	0.01	19644385
7.9正大广场，抢喜茶，希望能比黄牛快	35	2859	0.012	19644746
爸妈希望我将来找一个有钱的女朋友，孩子可以跟女方姓，说的我真的不是滋味。	45	2734	0.016	19644934
昨天中国有嘻哈rapper后采……	30	2702	0.011	19644661
不懂就问！关于运动拖鞋的	45	2674	0.017	19643059
要去武汉了，真这么热？	34	2506	0.014	19635303
两个女生，我喜欢的是哪一个	15	2340	0.006	19643741
ZT：送餐车违停被拖走	15	2188	0.007	19644726
包拯和展昭、狄仁杰和李元芳的组合你会选择谁？	23	1985	0.012	19592222
感覺現在有些人的思想很危險	48	1715	0.028	19644704
广电总局又出新政策了	20	1662	0.012	19644800
为什么现在的校园贷这么横行？	28	1458	0.019	19644940
wow。。偶然发现一个短发美女街头歌手。。	18	1304	0.014	19645134
周杰伦因为蓝色风暴没有火不高兴创造霍元甲，现在为何不生气了？	9	1235	0.007	19644390
求助jrs！女朋友大姨妈推迟还没来！？备福利！	42	1217	0.035	19645049
最牛的军师谋士讨论的多了,那么反面教材最坑的是?	18	1047	0.017	19644645
论18厘米和28厘米的长度	13	1041	0.012	19645192
鲁管的本质！	10	860	0.012	19645146
于烽火体育购入鞋子一对，发现鞋底较脏，有穿着痕迹，客户竟予以否认。	14	843	0.017	19645053
“我们不太合适，还是算了吧”	18	767	0.023	19644906
网易2017Q1营收和净利润创新高，在线游戏收入突破100亿，《阴阳师》下载量2亿	6	757	0.008	19179730
宋岳庭《Life’s	10	715	0.014	19644689
关于中国有嘻哈里面的hiphopman，对他无感	13	653	0.02	19645098
有没有超级讨厌"直男癌"这个词汇的	15	563	0.027	19644694
主板最容易坏的就是内存槽吧？	11	556	0.02	19644386
同样申遗成功的鼓浪屿，为何一片吐槽声？	8	504	0.016	19645205
刚微博看到的，当代樊胜美	7	467	0.015	19645150
万能的步行街，我现在有一事想问。	19	423	0.045	19644183
是不是提神的饮料都会利尿？	8	356	0.022	19645082
开了个脑洞，女性有没有恋足癖？	8	332	0.024	19645240
JRS，马上要去上海见未来的女朋友了，有什么要注意的吗	5	283	0.018	19644667
20岁就要娶媳妇什么水平？	7	264	0.027	19645227
看隔壁快递送上门的帖子，有法律规定必须送上门吗？还是大家被宠坏了？	6	206	0.029	19644817
晚上10点极限挑战第三季开播，期待不。	5	192	0.026	19645138
因为没有黑命贵出场，诺兰二战电影《敦刻尔克》遭白左抵制	4	177	0.023	19645229
最近有个文章《寒门难出贵子，是对奋斗者的公平》，大家讨论一下。	4	141	0.028	19645141
请问各位jr们	3	89	0.034	19645260
要去看电影，小黄人3和绝世高手哪一部值得看？有看过的老哥吗？	4	87	0.046	19645183
ZT75岁新疆老人开办双语“爱心课堂”	2	44	0.045	19645189
轮到湖北了？	1	32	0.031	19645277
选出你心目中张敬轩最好的作品(单选)	2	31	0.065	19645246